184
2
184
21
12
184
134
184
184
127
184
101
184
184
184
0
127
134
21
12
184
184
178
184
0
0
45
178
0
0
184
184
184
184
0
100
184
184
184
21
2
0
184
184
184
21
184
184
0
2
21
100
184
184
184
0
184
184
127
184
0
0
184
184
184
134
184
184
2
0
2
184
2
127
184
184
184
100
21
184
184
0
184
2
12
184
12
184
184
184
184
184
184
184
184
0
127
100
184
184
184
184
184
184
184
184
184
0
0
184
21
2
184
21
184
184
184
184
184
184
0
184
184
45
184
21
184
101
2
0
0
0
0
184
184
184
0
0
184
184
2
184
0
184
184
184
184
0
184
0
184
184
0
21
184
184
2
12
184
100
184
127
184
184
184
0
0
184
184
2
0
0
184
184
184
2
184
184
100
184
2
127
184
184
184
21
184
21
184
0
184
0
0
184
0
184
184
184
184
21
